000000000000000000000000000000000001
000000000000000000000000000010000001
000000000000000000000000000001000001
000000000000000000000000000011000001
000000000000000000000000000000100001
000000000000000000000000000010100001
000000000000000000000000000001100001
000000000000000000000000000011100001
000000000000000000000000000000010001
000000000000000000000000000010010001
000000000000000000000000000001010001
000000000000000000000000000011010001
000000000000000000000000000000110001
000000000000000000000000000010110001
000000000000000000000000000001110001
000000000000000000000000000011110001
000000000000000000000000000000001001
000000000000000000000000000010001001
000000000000000000000000000001001001
000000000000000000000000000011001001
000000000000000000000000000000101001
000000000000000000000000000010101001
000000000000000000000000000001101001
000000000000000000000000000011101001
000000000000000000000000000000011001
000000000000000000000000000010011001
000000000000000000000000000001011001
000000000000000000000000000011011001
000000000000000000000000000000111001
000000000000000000000000000010111001
000000000000000000000000000001111001
000000000000000000000000000011111001
000000000000000000000000000000000101
000000000000000000000000000010000101
000000000000000000000000000001000101
000000000000000000000000000011000101
000000000000000000000000000000100101
000000000000000000000000000010100101
000000000000000000000000000001100101
000000000000000000000000000011100101
000000000000000000000000000000010101
000000000000000000000000000010010101
000000000000000000000000000001010101
000000000000000000000000000011010101
000000000000000000000000000000110101
000000000000000000000000000010110101
000000000000000000000000000001110101
000000000000000000000000000011110101
000000000000000000000000000000001101
000000000000000000000000000010001101
000000000000000000000000000001001101
000000000000000000000000000011001101
000000000000000000000000000000101101
000000000000000000000000000010101101
000000000000000000000000000001101101
000000000000000000000000000011101101
000000000000000000000000000000011101
000000000000000000000000000010011101
000000000000000000000000000001011101
000000000000000000000000000011011101
000000000000000000000000000000111101
000000000000000000000000000010111101
000000000000000000000000000001111101
000000000000000000000000000011111101
000000000000000000000000000000000011
000000000000000000000000000010000011
000000000000000000000000000001000011
000000000000000000000000000011000011
000000000000000000000000000000100011
000000000000000000000000000010100011
000000000000000000000000000001100011
000000000000000000000000000011100011
000000000000000000000000000000010011
000000000000000000000000000010010011
000000000000000000000000000001010011
000000000000000000000000000011010011
000000000000000000000000000000110011
000000000000000000000000000010110011
000000000000000000000000000001110011
000000000000000000000000000011110011
000000000000000000000000000000001011
000000000000000000000000000010001011
000000000000000000000000000001001011
000000000000000000000000000011001011
000000000000000000000000000000101011
000000000000000000000000000010101011
000000000000000000000000000001101011
000000000000000000000000000011101011
000000000000000000000000000000011011
000000000000000000000000000010011011
000000000000000000000000000001011011
000000000000000000000000000011011011
000000000000000000000000000000111011
000000000000000000000000000010111011
000000000000000000000000000001111011
000000000000000000000000000011111011
000000000000000000000000000000000111
000000000000000000000000000010000111
000000000000000000000000000001000111
000000000000000000000000000011000111
000000000000000000000000000000100111
000000000000000000000000000010100111
000000000000000000000000000001100111
000000000000000000000000000011100111
000000000000000000000000000000010111
000000000000000000000000000010010111
000000000000000000000000000001010111
000000000000000000000000000011010111
000000000000000000000000000000110111
000000000000000000000000000010110111
000000000000000000000000000001110111
000000000000000000000000000011110111
000000000000000000000000000000001111
000000000000000000000000000010001111
000000000000000000000000000001001111
000000000000000000000000000011001111
000000000000000000000000000000101111
000000000000000000000000000010101111
000000000000000000000000000001101111
000000000000000000000000000011101111
000000000000000000000000000000011111
000000000000000000000000000010011111
000000000000000000000000000001011111
000000000000000000000000000011011111
000000000000000000000000000000111111
000000000000000000000000000010111111
000000000000000000000000000001111111
000000000000000000000000000011111111
000000000000000000000000000000000001
000000000000000000000000000100000001
000000000000000000000000000010000001
000000000000000000000000000110000001
000000000000000000000000000001000001
000000000000000000000000000101000001
000000000000000000000000000011000001
000000000000000000000000000111000001
000000000000000000000000000000100001
000000000000000000000000000100100001
000000000000000000000000000010100001
000000000000000000000000000110100001
000000000000000000000000000001100001
000000000000000000000000000101100001
000000000000000000000000000011100001
000000000000000000000000000111100001
000000000000000000000000000000010001
000000000000000000000000000100010001
000000000000000000000000000010010001
000000000000000000000000000110010001
000000000000000000000000000001010001
000000000000000000000000000101010001
000000000000000000000000000011010001
000000000000000000000000000111010001
000000000000000000000000000000110001
000000000000000000000000000100110001
000000000000000000000000000010110001
000000000000000000000000000110110001
000000000000000000000000000001110001
000000000000000000000000000101110001
000000000000000000000000000011110001
000000000000000000000000000111110001
000000000000000000000000000000001001
000000000000000000000000000100001001
000000000000000000000000000010001001
000000000000000000000000000110001001
000000000000000000000000000001001001
000000000000000000000000000101001001
000000000000000000000000000011001001
000000000000000000000000000111001001
000000000000000000000000000000101001
000000000000000000000000000100101001
000000000000000000000000000010101001
000000000000000000000000000110101001
000000000000000000000000000001101001
000000000000000000000000000101101001
000000000000000000000000000011101001
000000000000000000000000000111101001
000000000000000000000000000000011001
000000000000000000000000000100011001
000000000000000000000000000010011001
000000000000000000000000000110011001
000000000000000000000000000001011001
000000000000000000000000000101011001
000000000000000000000000000011011001
000000000000000000000000000111011001
000000000000000000000000000000111001
000000000000000000000000000100111001
000000000000000000000000000010111001
000000000000000000000000000110111001
000000000000000000000000000001111001
000000000000000000000000000101111001
000000000000000000000000000011111001
000000000000000000000000000111111001
000000000000000000000000000000000101
000000000000000000000000000100000101
000000000000000000000000000010000101
000000000000000000000000000110000101
000000000000000000000000000001000101
000000000000000000000000000101000101
000000000000000000000000000011000101
000000000000000000000000000111000101
000000000000000000000000000000100101
000000000000000000000000000100100101
000000000000000000000000000010100101
000000000000000000000000000110100101
000000000000000000000000000001100101
000000000000000000000000000101100101
000000000000000000000000000011100101
000000000000000000000000000111100101
000000000000000000000000000000010101
000000000000000000000000000100010101
000000000000000000000000000010010101
000000000000000000000000000110010101
000000000000000000000000000001010101
000000000000000000000000000101010101
000000000000000000000000000011010101
000000000000000000000000000111010101
000000000000000000000000000000110101
000000000000000000000000000100110101
000000000000000000000000000010110101
000000000000000000000000000110110101
000000000000000000000000000001110101
000000000000000000000000000101110101
000000000000000000000000000011110101
000000000000000000000000000111110101
000000000000000000000000000000001101
000000000000000000000000000100001101
000000000000000000000000000010001101
000000000000000000000000000110001101
000000000000000000000000000001001101
000000000000000000000000000101001101
000000000000000000000000000011001101
000000000000000000000000000111001101
000000000000000000000000000000101101
000000000000000000000000000100101101
000000000000000000000000000010101101
000000000000000000000000000110101101
000000000000000000000000000001101101
000000000000000000000000000101101101
000000000000000000000000000011101101
000000000000000000000000000111101101
000000000000000000000000000000011101
000000000000000000000000000100011101
000000000000000000000000000010011101
000000000000000000000000000110011101
000000000000000000000000000001011101
000000000000000000000000000101011101
000000000000000000000000000011011101
000000000000000000000000000111011101
000000000000000000000000000000111101
000000000000000000000000000100111101
000000000000000000000000000010111101
000000000000000000000000000110111101
000000000000000000000000000001111101
000000000000000000000000000101111101
000000000000000000000000000011111101
