000100000001000000010000000100000001
000110000001100000011000000110000001
000101000001010000010100000101000001
000111000001110000011100000111000001
000100100001001000010010000100100001
000110100001101000011010000110100001
000101100001011000010110000101100001
000111100001111000011110000111100001
000100010001000100010001000100010001
000110010001100100011001000110010001
000101010001010100010101000101010001
000111010001110100011101000111010001
000100110001001100010011000100110001
000110110001101100011011000110110001
000101110001011100010111000101110001
000111110001111100011111000111110001
100100001001000010010000100100001001
100110001001100010011000100110001001
100101001001010010010100100101001001
100111001001110010011100100111001001
100100101001001010010010100100101001
100110101001101010011010100110101001
100101101001011010010110100101101001
100111101001111010011110100111101001
100100011001000110010001100100011001
100110011001100110011001100110011001
100101011001010110010101100101011001
100111011001110110011101100111011001
100100111001001110010011100100111001
100110111001101110011011100110111001
100101111001011110010111100101111001
100111111001111110011111100111111001
010100000101000001010000010100000101
010110000101100001011000010110000101
010101000101010001010100010101000101
010111000101110001011100010111000101
010100100101001001010010010100100101
010110100101101001011010010110100101
010101100101011001010110010101100101
010111100101111001011110010111100101
010100010101000101010001010100010101
010110010101100101011001010110010101
010101010101010101010101010101010101
010111010101110101011101010111010101
010100110101001101010011010100110101
010110110101101101011011010110110101
010101110101011101010111010101110101
010111110101111101011111010111110101
110100001101000011010000110100001101
110110001101100011011000110110001101
110101001101010011010100110101001101
110111001101110011011100110111001101
110100101101001011010010110100101101
110110101101101011011010110110101101
110101101101011011010110110101101101
110111101101111011011110110111101101
110100011101000111010001110100011101
110110011101100111011001110110011101
110101011101010111010101110101011101
110111011101110111011101110111011101
110100111101001111010011110100111101
110110111101101111011011110110111101
110101111101011111010111110101111101
110111111101111111011111110111111101
001100000011000000110000001100000011
001110000011100000111000001110000011
001101000011010000110100001101000011
001111000011110000111100001111000011
001100100011001000110010001100100011
001110100011101000111010001110100011
001101100011011000110110001101100011
001111100011111000111110001111100011
001100010011000100110001001100010011
001110010011100100111001001110010011
001101010011010100110101001101010011
001111010011110100111101001111010011
001100110011001100110011001100110011
001110110011101100111011001110110011
001101110011011100110111001101110011
001111110011111100111111001111110011
101100001011000010110000101100001011
101110001011100010111000101110001011
101101001011010010110100101101001011
101111001011110010111100101111001011
101100101011001010110010101100101011
101110101011101010111010101110101011
101101101011011010110110101101101011
101111101011111010111110101111101011
101100011011000110110001101100011011
101110011011100110111001101110011011
101101011011010110110101101101011011
101111011011110110111101101111011011
101100111011001110110011101100111011
101110111011101110111011101110111011
101101111011011110110111101101111011
101111111011111110111111101111111011
011100000111000001110000011100000111
011110000111100001111000011110000111
011101000111010001110100011101000111
011111000111110001111100011111000111
011100100111001001110010011100100111
011110100111101001111010011110100111
011101100111011001110110011101100111
011111100111111001111110011111100111
011100010111000101110001011100010111
011110010111100101111001011110010111
011101010111010101110101011101010111
011111010111110101111101011111010111
011100110111001101110011011100110111
011110110111101101111011011110110111
011101110111011101110111011101110111
011111110111111101111111011111110111
111100001111000011110000111100001111
111110001111100011111000111110001111
111101001111010011110100111101001111
111111001111110011111100111111001111
111100101111001011110010111100101111
111110101111101011111010111110101111
111101101111011011110110111101101111
111111101111111011111110111111101111
111100011111000111110001111100011111
111110011111100111111001111110011111
111101011111010111110101111101011111
111111011111110111111101111111011111
111100111111001111110011111100111111
111110111111101111111011111110111111
111101111111011111110111111101111111
111111111111111111111111111111111111
000000001000000001000000001000000001
100000001100000001100000001100000001
010000001010000001010000001010000001
110000001110000001110000001110000001
001000001001000001001000001001000001
101000001101000001101000001101000001
011000001011000001011000001011000001
111000001111000001111000001111000001
000100001000100001000100001000100001
100100001100100001100100001100100001
010100001010100001010100001010100001
110100001110100001110100001110100001
001100001001100001001100001001100001
101100001101100001101100001101100001
011100001011100001011100001011100001
111100001111100001111100001111100001
000010001000010001000010001000010001
100010001100010001100010001100010001
010010001010010001010010001010010001
110010001110010001110010001110010001
001010001001010001001010001001010001
101010001101010001101010001101010001
011010001011010001011010001011010001
111010001111010001111010001111010001
000110001000110001000110001000110001
100110001100110001100110001100110001
010110001010110001010110001010110001
110110001110110001110110001110110001
001110001001110001001110001001110001
101110001101110001101110001101110001
011110001011110001011110001011110001
111110001111110001111110001111110001
000001001000001001000001001000001001
100001001100001001100001001100001001
010001001010001001010001001010001001
110001001110001001110001001110001001
001001001001001001001001001001001001
101001001101001001101001001101001001
011001001011001001011001001011001001
111001001111001001111001001111001001
000101001000101001000101001000101001
100101001100101001100101001100101001
010101001010101001010101001010101001
110101001110101001110101001110101001
001101001001101001001101001001101001
101101001101101001101101001101101001
011101001011101001011101001011101001
111101001111101001111101001111101001
000011001000011001000011001000011001
100011001100011001100011001100011001
010011001010011001010011001010011001
110011001110011001110011001110011001
001011001001011001001011001001011001
101011001101011001101011001101011001
011011001011011001011011001011011001
111011001111011001111011001111011001
000111001000111001000111001000111001
100111001100111001100111001100111001
010111001010111001010111001010111001
110111001110111001110111001110111001
001111001001111001001111001001111001
101111001101111001101111001101111001
011111001011111001011111001011111001
111111001111111001111111001111111001
000000101000000101000000101000000101
100000101100000101100000101100000101
010000101010000101010000101010000101
110000101110000101110000101110000101
001000101001000101001000101001000101
101000101101000101101000101101000101
011000101011000101011000101011000101
111000101111000101111000101111000101
000100101000100101000100101000100101
100100101100100101100100101100100101
010100101010100101010100101010100101
110100101110100101110100101110100101
001100101001100101001100101001100101
101100101101100101101100101101100101
011100101011100101011100101011100101
111100101111100101111100101111100101
000010101000010101000010101000010101
100010101100010101100010101100010101
010010101010010101010010101010010101
110010101110010101110010101110010101
001010101001010101001010101001010101
101010101101010101101010101101010101
011010101011010101011010101011010101
111010101111010101111010101111010101
000110101000110101000110101000110101
100110101100110101100110101100110101
010110101010110101010110101010110101
110110101110110101110110101110110101
001110101001110101001110101001110101
101110101101110101101110101101110101
011110101011110101011110101011110101
111110101111110101111110101111110101
000001101000001101000001101000001101
100001101100001101100001101100001101
010001101010001101010001101010001101
110001101110001101110001101110001101
001001101001001101001001101001001101
101001101101001101101001101101001101
011001101011001101011001101011001101
111001101111001101111001101111001101
000101101000101101000101101000101101
100101101100101101100101101100101101
010101101010101101010101101010101101
110101101110101101110101101110101101
001101101001101101001101101001101101
101101101101101101101101101101101101
011101101011101101011101101011101101
111101101111101101111101101111101101
000011101000011101000011101000011101
100011101100011101100011101100011101
010011101010011101010011101010011101
110011101110011101110011101110011101
001011101001011101001011101001011101
101011101101011101101011101101011101
011011101011011101011011101011011101
111011101111011101111011101111011101
000111101000111101000111101000111101
100111101100111101100111101100111101
010111101010111101010111101010111101
110111101110111101110111101110111101
001111101001111101001111101001111101
101111101101111101101111101101111101
011111101011111101011111101011111101
