000011000000010000001000000000000000
000000100000110000000100000010000000
000010100000001000001100000001000000
000001100000101000000010000011000000
000011100000011000001010000000100000
000000010000111000000110000010100000
000010010000000100001110000001100000
000001010000100100000001000011100000
000011010000010100001001000000010000
000000110000110100000101000010010000
000010110000001100001101000001010000
000001110000101100000011000011010000
100011110000011100001011000000110000
100000001000111100000111000010110000
100010001000000010001111000001110000
100001001000100010000000100011110000
100011001000010010001000100000001000
100000101000110010000100100010001000
100010101000001010001100100001001000
100001101000101010000010100011001000
100011101000011010001010100000101000
100000011000111010000110100010101000
100010011000000110001110100001101000
100001011000100110000001100011101000
100011011000010110001001100000011000
100000111000110110000101100010011000
100010111000001110001101100001011000
100001111000101110000011100011011000
010011111000011110001011100000111000
010000000100111110000111100010111000
010010000100000001001111100001111000
010001000100100001000000010011111000
010011000100010001001000010000000100
010000100100110001000100010010000100
010010100100001001001100010001000100
010001100100101001000010010011000100
010011100100011001001010010000100100
010000010100111001000110010010100100
010010010100000101001110010001100100
010001010100100101000001010011100100
010011010100010101001001010000010100
010000110100110101000101010010010100
010010110100001101001101010001010100
010001110100101101000011010011010100
110011110100011101001011010000110100
110000001100111101000111010010110100
110010001100000011001111010001110100
110001001100100011000000110011110100
110011001100010011001000110000001100
110000101100110011000100110010001100
110010101100001011001100110001001100
110001101100101011000010110011001100
110011101100011011001010110000101100
110000011100111011000110110010101100
110010011100000111001110110001101100
110001011100100111000001110011101100
110011011100010111001001110000011100
110000111100110111000101110010011100
110010111100001111001101110001011100
110001111100101111000011110011011100
001011111100011111001011110000111100
001000000010111111000111110010111100
001010000010000000101111110001111100
001001000010100000100000001011111100
001011000010010000101000001000000010
001000100010110000100100001010000010
001010100010001000101100001001000010
001001100010101000100010001011000010
001011100010011000101010001000100010
001000010010111000100110001010100010
001010010010000100101110001001100010
001001010010100100100001001011100010
001011010010010100101001001000010010
001000110010110100100101001010010010
001010110010001100101101001001010010
001001110010101100100011001011010010
101011110010011100101011001000110010
101000001010111100100111001010110010
101010001010000010101111001001110010
101001001010100010100000101011110010
101011001010010010101000101000001010
101000101010110010100100101010001010
101010101010001010101100101001001010
101001101010101010100010101011001010
101011101010011010101010101000101010
101000011010111010100110101010101010
101010011010000110101110101001101010
101001011010100110100001101011101010
101011011010010110101001101000011010
101000111010110110100101101010011010
101010111010001110101101101001011010
101001111010101110100011101011011010
011011111010011110101011101000111010
011000000110111110100111101010111010
011010000110000001101111101001111010
011001000110100001100000011011111010
011011000110010001101000011000000110
011000100110110001100100011010000110
011010100110001001101100011001000110
011001100110101001100010011011000110
011011100110011001101010011000100110
011000010110111001100110011010100110
011010010110000101101110011001100110
011001010110100101100001011011100110
011011010110010101101001011000010110
011000110110110101100101011010010110
011010110110001101101101011001010110
011001110110101101100011011011010110
111011110110011101101011011000110110
111000001110111101100111011010110110
111010001110000011101111011001110110
111001001110100011100000111011110110
111011001110010011101000111000001110
111000101110110011100100111010001110
111010101110001011101100111001001110
111001101110101011100010111011001110
111011101110011011101010111000101110
111000011110111011100110111010101110
111010011110000111101110111001101110
111001011110100111100001111011101110
111011011110010111101001111000011110
111000111110110111100101111010011110
111010111110001111101101111001011110
111001111110101111100011111011011110
000111111110011111101011111000111110
000100000001111111100111111010111110
000110000001000000011111111001111110
000101000001100000010000000111111110
000111000001010000011000000100000001
000100100001110000010100000110000001
000110100001001000011100000101000001
000101100001101000010010000111000001
000111100001011000011010000100100001
000100010001111000010110000110100001
000110010001000100011110000101100001
000101010001100100010001000111100001
000111010001010100011001000100010001
000100110001110100010101000110010001
000110110001001100011101000101010001
000101110001101100010011000111010001
100111110001011100011011000100110001
100100001001111100010111000110110001
100110001001000010011111000101110001
100101001001100010010000100111110001
100111001001010010011000100100001001
100100101001110010010100100110001001
100110101001001010011100100101001001
100101101001101010010010100111001001
100111101001011010011010100100101001
100100011001111010010110100110101001
100110011001000110011110100101101001
100101011001100110010001100111101001
100111011001010110011001100100011001
100100111001110110010101100110011001
100110111001001110011101100101011001
100101111001101110010011100111011001
010111111001011110011011100100111001
010100000101111110010111100110111001
010110000101000001011111100101111001
010101000101100001010000010111111001
010111000101010001011000010100000101
010100100101110001010100010110000101
010110100101001001011100010101000101
010101100101101001010010010111000101
010111100101011001011010010100100101
010100010101111001010110010110100101
010110010101000101011110010101100101
010101010101100101010001010111100101
010111010101010101011001010100010101
010100110101110101010101010110010101
010110110101001101011101010101010101
010101110101101101010011010111010101
110111110101011101011011010100110101
110100001101111101010111010110110101
110110001101000011011111010101110101
110101001101100011010000110111110101
110111001101010011011000110100001101
110100101101110011010100110110001101
110110101101001011011100110101001101
110101101101101011010010110111001101
110111101101011011011010110100101101
110100011101111011010110110110101101
110110011101000111011110110101101101
110101011101100111010001110111101101
110111011101010111011001110100011101
110100111101110111010101110110011101
110110111101001111011101110101011101
110101111101101111010011110111011101
001111111101011111011011110100111101
001100000011111111010111110110111101
001110000011000000111111110101111101
001101000011100000110000001111111101
001111000011010000111000001100000011
001100100011110000110100001110000011
001110100011001000111100001101000011
001101100011101000110010001111000011
001111100011011000111010001100100011
001100010011111000110110001110100011
001110010011000100111110001101100011
001101010011100100110001001111100011
001111010011010100111001001100010011
001100110011110100110101001110010011
001110110011001100111101001101010011
001101110011101100110011001111010011
101111110011011100111011001100110011
101100001011111100110111001110110011
101110001011000010111111001101110011
101101001011100010110000101111110011
101111001011010010111000101100001011
101100101011110010110100101110001011
101110101011001010111100101101001011
101101101011101010110010101111001011
101111101011011010111010101100101011
101100011011111010110110101110101011
101110011011000110111110101101101011
101101011011100110110001101111101011
101111011011010110111001101100011011
101100111011110110110101101110011011
101110111011001110111101101101011011
101101111011101110110011101111011011
011111111011011110111011101100111011
011100000111111110110111101110111011
011110000111000001111111101101111011
011101000111100001110000011111111011
011111000111010001111000011100000111
011100100111110001110100011110000111
011110100111001001111100011101000111
011101100111101001110010011111000111
011111100111011001111010011100100111
011100010111111001110110011110100111
011110010111000101111110011101100111
011101010111100101110001011111100111
011111010111010101111001011100010111
011100110111110101110101011110010111
011110110111001101111101011101010111
011101110111101101110011011111010111
111111110111011101111011011100110111
111100001111111101110111011110110111
111110001111000011111111011101110111
111101001111100011110000111111110111
111111001111010011111000111100001111
111100101111110011110100111110001111
111110101111001011111100111101001111
111101101111101011110010111111001111
111111101111011011111010111100101111
111100011111111011110110111110101111
111110011111000111111110111101101111
111101011111100111110001111111101111
111111011111010111111001111100011111
111100111111110111110101111110011111
111110111111001111111101111101011111
111101111111101111110011111111011111
000111111111011111111011111100111111
001000000001111111110111111110111111
011000000010000000011111111101111111
