#seed: 128
000100000001000000010000000100000001
100010111000101110001011100010111000
110001011100010111000101110001011100
111000101110001011100010111000101110
011100010111000101110001011100010111
001110110011101100111011001110110011
000111100001111000011110000111100001
100011001000110010001100100011001000
010001100100011001000110010001100100
001000110010001100100011001000110010
100100011001000110010001100100011001
010010110100101101001011010010110100
101001011010010110100101101001011010
110100101101001011010010110100101101
111010101110101011101010111010101110
011101010111010101110101011101010111
001110010011100100111001001110010011
000111110001111100011111000111110001
000011000000110000001100000011000000
000001100000011000000110000001100000
000000110000001100000011000000110000
100000011000000110000001100000011000
110000001100000011000000110000001100
011000000110000001100000011000000110
001100000011000000110000001100000011
100110111001101110011011100110111001
010011100100111001001110010011100100
001001110010011100100111001001110010
100100111001001110010011100100111001
010010100100101001001010010010100100
001001010010010100100101001001010010
100100101001001010010010100100101001
110010101100101011001010110010101100
011001010110010101100101011001010110
101100101011001010110010101100101011
110110101101101011011010110110101101
111011101110111011101110111011101110
011101110111011101110111011101110111
001110000011100000111000001110000011
100111111001111110011111100111111001
010011000100110001001100010011000100
001001100010011000100110001001100010
000100110001001100010011000100110001
000010100000101000001010000010100000
000001010000010100000101000001010000
100000101000001010000010100000101000
010000010100000101000001010000010100
101000001010000010100000101000001010
010100000101000001010000010100000101
101010111010101110101011101010111010
110101011101010111010101110101011101
011010010110100101101001011010010110
101101001011010010110100101101001011
110110011101100111011001110110011101
011011110110111101101111011011110110
101101111011011110110111101101111011
010110000101100001011000010110000101
101011111010111110101111101011111010
110101111101011111010111110101111101
011010000110100001101000011010000110
001101000011010000110100001101000011
100110011001100110011001100110011001
010011110100111101001111010011110100
101001111010011110100111101001111010
110100111101001111010011110100111101
011010100110101001101010011010100110
001101010011010100110101001101010011
000110010001100100011001000110010001
000011110000111100001111000011110000
100001111000011110000111100001111000
110000111100001111000011110000111100
111000011110000111100001111000011110
111100001111000011110000111100001111
111110111111101111111011111110111111
011111100111111001111110011111100111
101111001011110010111100101111001011
110111011101110111011101110111011101
011011010110110101101101011011010110
101101101011011010110110101101101011
110110001101100011011000110110001101
111011111110111111101111111011111110
111101111111011111110111111101111111
011110000111100001111000011110000111
101111111011111110111111101111111011
010111000101110001011100010111000101
101011011010110110101101101011011010
110101101101011011010110110101101101
111010001110100011101000111010001110
011101000111010001110100011101000111
101110011011100110111001101110011011
010111110101111101011111010111110101
001011000010110000101100001011000010
000101100001011000010110000101100001
100010001000100010001000100010001000
010001000100010001000100010001000100
001000100010001000100010001000100010
000100010001000100010001000100010001
000010110000101100001011000010110000
100001011000010110000101100001011000
110000101100001011000010110000101100
011000010110000101100001011000010110
101100001011000010110000101100001011
110110111101101111011011110110111101
011011100110111001101110011011100110
001101110011011100110111001101110011
000110000001100000011000000110000001
100011111000111110001111100011111000
110001111100011111000111110001111100
111000111110001111100011111000111110
111100011111000111110001111100011111
011110110111101101111011011110110111
001111100011111000111110001111100011
100111001001110010011100100111001001
110011011100110111001101110011011100
111001101110011011100110111001101110
011100110111001101110011011100110111
001110100011101000111010001110100011
100111101001111010011110100111101001
110011001100110011001100110011001100
011001100110011001100110011001100110
001100110011001100110011001100110011
000110100001101000011010000110100001
100011101000111010001110100011101000
010001110100011101000111010001110100
101000111010001110100011101000111010
110100011101000111010001110100011101
011010110110101101101011011010110110
101101011011010110110101101101011011
010110010101100101011001010110010101
001011110010111100101111001011110010
100101111001011110010111100101111001
010010000100100001001000010010000100
001001000010010000100100001001000010
000100100001001000010010000100100001
100010101000101010001010100010101000
010001010100010101000101010001010100
101000101010001010100010101000101010
010100010101000101010001010100010101
001010110010101100101011001010110010
100101011001010110010101100101011001
010010010100100101001001010010010100
101001001010010010100100101001001010
010100100101001001010010010100100101
101010101010101010101010101010101010
010101010101010101010101010101010101
001010010010100100101001001010010010
100101001001010010010100100101001001
110010011100100111001001110010011100
111001001110010011100100111001001110
011100100111001001110010011100100111
101110101011101010111010101110101011
110111101101111011011110110111101101
111011001110110011101100111011001110
011101100111011001110110011101100111
101110001011100010111000101110001011
110111111101111111011111110111111101
011011000110110001101100011011000110
001101100011011000110110001101100011
100110001001100010011000100110001001
110011111100111111001111110011111100
111001111110011111100111111001111110
111100111111001111110011111100111111
011110100111101001111010011110100111
101111101011111010111110101111101011
110111001101110011011100110111001101
111011011110110111101101111011011110
111101101111011011110110111101101111
111110001111100011111000111110001111
111111111111111111111111111111111111
011111000111110001111100011111000111
101111011011110110111101101111011011
010111010101110101011101010111010101
001011010010110100101101001011010010
100101101001011010010110100101101001
110010001100100011001000110010001100
011001000110010001100100011001000110
001100100011001000110010001100100011
100110101001101010011010100110101001
110011101100111011001110110011101100
011001110110011101100111011001110110
101100111011001110110011101100111011
010110100101101001011010010110100101
101011101010111010101110101011101010
010101110101011101010111010101110101
001010000010100000101000001010000010
000101000001010000010100000101000001
100010011000100110001001100010011000
110001001100010011000100110001001100
011000100110001001100010011000100110
001100010011000100110001001100010011
000110110001101100011011000110110001
000011100000111000001110000011100000
000001110000011100000111000001110000
100000111000001110000011100000111000
110000011100000111000001110000011100
111000001110000011100000111000001110
011100000111000001110000011100000111
101110111011101110111011101110111011
010111100101111001011110010111100101
101011001010110010101100101011001010
010101100101011001010110010101100101
101010001010100010101000101010001010
010101000101010001010100010101000101
101010011010100110101001101010011010
110101001101010011010100110101001101
111010011110100111101001111010011110
111101001111010011110100111101001111
111110011111100111111001111110011111
011111110111111101111111011111110111
001111000011110000111100001111000011
100111011001110110011101100111011001
010011010100110101001101010011010100
101001101010011010100110101001101010
010100110101001101010011010100110101
001010100010101000101010001010100010
000101010001010100010101000101010001
000010010000100100001001000010010000
100001001000010010000100100001001000
010000100100001001000010010000100100
001000010010000100100001001000010010
100100001001000010010000100100001001
110010111100101111001011110010111100
111001011110010111100101111001011110
111100101111001011110010111100101111
111110101111101011111010111110101111
111111101111111011111110111111101111
111111001111110011111100111111001111
111111011111110111111101111111011111
011111010111110101111101011111010111
001111010011110100111101001111010011
000111010001110100011101000111010001
000011010000110100001101000011010000
100001101000011010000110100001101000
010000110100001101000011010000110100
101000011010000110100001101000011010
110100001101000011010000110100001101
111010111110101111101011111010111110
111101011111010111110101111101011111
011110010111100101111001011110010111
001111110011111100111111001111110011
000111000001110000011100000111000001
100011011000110110001101100011011000
110001101100011011000110110001101100
011000110110001101100011011000110110
101100011011000110110001101100011011
010110110101101101011011010110110101
001011100010111000101110001011100010
000101110001011100010111000101110001
000010000000100000001000000010000000
000001000000010000000100000001000000
000000100000001000000010000000100000
000000010000000100000001000000010000
100000001000000010000000100000001000
010000000100000001000000010000000100
001000000010000000100000001000000010
