#128
011100101110010111001011100000000001
001100010111001011100101110010111000
000110110011000101110010111001011100
100011100001101100110001011100101110
010011001000111000011011001100010111
001001100100110010001110000110110011
100100110010011001001100100011100001
010000011001001100100110010011001000
101010110100000110010011001001100100
110101011010101101000001100100110010
111000101101010110101011010000011001
011110101110001011010101101010110100
001101010111101011100010110101011010
000110010011010101111010111000101101
000011110001100100110101011110101110
000011000000111100011001001101010111
000001100000110000001111000110010011
100000110000011000001100000011110001
110000011000001100000110000011000000
011000001100000110000011000001100000
001100000110000011000001100000110000
100100000011000001100000110000011000
010010111001000000110000011000001100
001011100100101110010000001100000110
100101110010111001001011100100000011
010000111001011100101110010010111001
001010100100001110010111001011100100
100101010010101001000011100101110010
110000101001010100101010010000111001
011010101100001010010101001010100100
101101010110101011000010100101010010
110100101011010101101010110000101001
111010101101001010110101011010101100
011111101110101011010010101101010110
001101110111111011101010110100101011
100110000011011101111110111010101101
010011111001100000110111011111101110
001011000100111110011000001101110111
000101100010110001001111100110000011
000000110001011000101100010011111001
000010100000001100010110001011000100
100001010000101000000011000101100010
010000101000010100001010000000110001
101000010100001010000101000010100000
010100001010000101000010100001010000
101000000101000010100001010000101000
110110111010000001010000101000010100
011001011101101110100000010100001010
101110010110010111011011101000000101
110101001011100101100101110110111010
011010011101010010111001011001011101
101111110110100111010100101110010110
010101111011111101101001110101001011
101010000101011110111111011010011101
110111111010100001010111101111110110
011001111101111110101000010101111011
001110000110011111011111101010000101
100101000011100001100111110111111010
010010011001010000111000011001111101
101011110100100110010100001110000110
110101111010111101001001100101000011
011000111101011110101111010010011001
001110100110001111010111101011110100
000101010011101001100011110101111010
000010010001010100111010011000111101
100011110000100100010101001110100110
110001111000111100001001000101010011
111000111100011110001111000010010001
111100011110001111000111100011110000
111100001111000111100011110001111000
011110111111000011110001111000111100
101111100111101111110000111100011110
110111001011111001111011111100001111
011011011101110010111110011110111111
101111010110110111011100101111100111
110101101011110101101101110111001011
111010001101011010111101011011011101
111111111110100011010110101111010110
011101111111111111101000110101101011
101110000111011111111111111010001101
010111111011100001110111111111111110
101011000101111110111000011101111111
110111011010110001011111101110000111
111001101101110110101100010111111011
011110001110011011011101101011000101
101101000111100011100110110111011010
010110011011010001111000111001101101
001011110101100110110100011110001110
000111000010111101011001101101000111
100001100001110000101111010110011011
010010001000011000011100001011110101
001001000100100010000110000111000010
000100100010010001001000100001100001
000000010001001000100100010010001000
100010110000000100010010001001000100
110001011000101100000001000100100010
011000101100010110001011000000010001
101100010110001011000101100010110000
110100001011000101100010110001011000
011010111101000010110001011000101100
001111100110101111010000101100010110
000101110011111001101011110100001011
100010000001011100111110011010111101
110011111000100000010111001111100110
111001111100111110001000000101110011
111100111110011111001111100010000001
011100011111001111100111110011111000
001110110111000111110011111001111100
100111100011101101110001111100111110
110011001001111000111011011100011111
111011011100110010011110001110110111
011101101110110111001100100111100011
001100110111011011101101110011001001
100110100011001101110110111011011100
110011101001101000110011011101101110
011011001100111010011010001100110111
001101100110110011001110100110100011
000100110011011001101100110011101001
100010100001001100110110011011001100
010011101000101000010011001101100110
101001110100111010001010000100110011
110100111010011101001110100010100001
011000011101001110100111010011101000
101110110110000111010011101001110100
010101011011101101100001110100111010
001010010101010110111011011000011101
100111110010100101010101101110110110
010001111001111100101001010101011011
001010000100011110011111001010010101
000101000010100001000111100111110010
100000100001010000101000010001111001
010010101000001000010100001010000100
101001010100101010000010000101000010
010100101010010101001010100000100001
001000010101001010100101010010101000
100110110010000101010010101001010100
010001011001101100100001010100101010
101010010100010110011011001000010101
010101001010100101000101100110110010
101000100101010010101001010001011001
010110101010001001010100101010010100
001001010101101010100010010101001010
100110010010010101011010101000100101
110001001001100100100101010110101010
111010011100010010011001001001010101
011101001110100111000100100110010010
101100100111010011101001110001001001
110110101011001001110100111010011100
111011101101101010110010011101001110
011111001110111011011010101100100111
101101100111110011101110110110101011
110110001011011001111100111011101101
011011111101100010110110011111001110
001111000110111111011000101101100111
100101100011110001101111110110001011
110010001001011000111100011011111101
111011111100100010010110001111000110
111101111110111111001000100101100011
011100111111011111101111110010001001
101110100111001111110111111011111100
110111101011101001110011111101111110
111011001101111010111010011100111111
111111011110110011011110101110100111
111101101111110111101100110111101011
111110001111011011111101111011001101
011111111111100011110110111111011110
101111000111111111111000111101101111
010111011011110001111111111110001111
001011010101110110111100011111111111
100111010010110101011101101111000111
110001101001110100101101010111011011
011010001100011010011101001011010101
001101000110100011000110100111010010
100100100011010001101000110001101001
110010101001001000110100011010001100
011011101100101010010010001101000110
101101110110111011001010100100100011
010100111011011101101110110010101001
101010100101001110110111011011101100
010111101010101001010011101101110110
001001110101111010101010010100111011
000110000010011101011110101010100101
100001000001100000100111010111101010
110010011000010000011000001001110101
011001001100100110000100000110000010
001100100110010011001001100001000001
000100010011001001100100110010011000
000010110001000100110010011001001100
000011100000101100010001001100100110
100001110000111000001011000100010011
110000111000011100001110000010110001
111000011100001110000111000011100000
011100001110000111000011100001110000
101100000111000011100001110000111000
010110111011000001110000111000011100
101011100101101110110000011100001110
010111001010111001011011101100000111
101001100101110010101110010110111011
010110001010011001011100101011100101
101001000101100010100110010111001010
110110011010010001011000101001100101
111001001101100110100100010110001010
111110011110010011011001101001000101
111101001111100111100100110110011010
011110011111010011111001111001001101
001111110111100111110100111110011110
100111000011111101111001111101001111
010011011001110000111111011110011111
101011010100110110011100001111110111
010101101010110101001101100111000011
001000110101011010101101010011011001
000110100010001101010110101011010100
000001010001101000100011010101101010
100010010000010100011010001000110101
010001001000100100000101000110100010
001000100100010010001001000001010001
100100010010001001000100100010010000
110000001001000100100010010001001000
111010111100000010010001001000100100
111101011110101111000000100100010010
111100101111010111101011110000001001
111110101111001011110101111010111100
111111101111101011110010111101011110
111111001111111011111010111100101111
011111011111110011111110111110101111
001111010111110111111100111111101111
000111010011110101111101111111001111
000011010001110100111101011111011111
100011010000110100011101001111010111
010001101000110100001101000111010011
101000110100011010001101000011010001
110100011010001101000110100011010000
111000001101000110100011010001101000
111110111110000011010001101000110100
011101011111101111100000110100011010
001110010111010111111011111000001101
000111110011100101110101111110111110
100011000001111100111001011101011111
110011011000110000011111001110010111
011001101100110110001100000111110011
101100110110011011001101100011000001
010100011011001101100110110011011000
001010110101000110110011011001101100
000111100010101101010001101100110110
000001110001111000101011010100011011
000010000000011100011110001010110101
000001000000100000000111000111100010
000000100000010000001000000001110001
100000010000001000000100000010000000
010000001000000100000010000001000000
001000000100000010000001000000100000
000100000010000001000000100000010000
100000000001000000100000010000001000
110010111000000000010000001000000100
111001011100101110000000000100000010
